152
100
40
146
152
100
40
145
153
99
39
147
153
100
40
147
152
100
40
147
152
100
41
147
153
100
40
147
153
100
40
147
153
100
41
146
152
99
41
146
153
99
41
146
153
100
41
148
153
102
41
147
153
103
42
147
153
104
42
147
153
105
45
147
154
106
48
146
154
108
50
147
155
108
54
146
155
109
57
148
156
109
60
146
154
110
62
146
155
111
66
147
155
111
68
147
155
112
68
148
157
112
71
148
157
114
69
148
159
115
72
147
157
116
73
148
158
117
74
147
157
118
76
148
162
118
76
148
158
119
78
148
159
120
79
146
159
121
82
147
159
121
84
147
158
122
87
147
159
123
91
147
157
124
94
148
159
125
100
148
159
126
102
148
161
126
104
148
164
126
108
148
162
127
113
149
159
128
120
148
160
130
125
149
162
130
128
150
161
129
128
149
159
129
123
148
161
128
119
148
159
126
114
148
159
124
105
148
158
122
98
148
156
120
91
147
157
118
85
148
156
114
80
147
154
112
76
148
154
109
72
147
151
109
70
146
151
106
69
148
151
105
68
147
152
105
67
147
151
104
64
147
152
106
63
146
151
106
63
145
152
107
64
145
152
108
64
145
152
111
64
146
153
110
66
143
153
112
68
145
154
114
70
145
155
115
71
146
153
117
73
144
157
118
75
145
156
118
77
145
157
119
78
146
157
120
82
145
157
122
84
145
158
123
86
145
156
124
89
145
156
125
92
144
159
128
93
144
159
126
96
146
159
128
98
145
158
129
101
145
159
129
105
146
158
129
108
146
159
130
112
147
159
131
116
148
160
130
119
148
158
131
121
148
160
132
123
148
160
132
124
148
161
132
128
148
159
135
133
148
162
137
135
148
160
138
137
149
162
137
137
149
159
137
134
148
158
137
133
148
160
133
129
148
160
132
123
147
159
128
115
147
158
125
106
146
157
119
95
145
155
114
83
145
154
111
74
147
153
108
63
147
155
106
55
145
152
105
50
147
152
106
48
145
152
107
48
147
153
108
47
146
154
110
48
146
155
112
49
147
156
113
51
148
158
115
53
148
156
117
55
148
156
118
57
147
156
119
58
147
157
121
59
144
158
123
62
145
158
122
63
146
161
122
66
148
158
122
69
146
157
125
73
147
158
124
75
147
159
126
79
147
159
128
83
146
160
126
87
147
161
127
92
148
159
128
97
147
158
128
102
147
159
129
104
146
159
129
109
149
159
129
113
148
158
131
120
148
157
131
124
148
159
131
128
148
159
133
131
149
159
133
131
148
158
131
129
148
157
128
128
148
156
120
118
148
155
112
107
148
153
106
95
147
152
102
78
147
153
101
63
145
151
103
51
147
151
106
44
146
153
108
41
146
153
110
40
146
154
112
40
148
154
112
39
149
154
113
40
142
155
115
39
142
155
115
39
149
155
116
39
161
156
117
41
175
157
118
42
177
157
118
44
177
157
119
46
161
158
120
48
140
157
120
51
131
158
120
55
144
158
121
59
159
157
121
62
172
158
122
65
171
158
122
65
157
159
122
64
146
159
121
65
151
158
122
67
170
159
122
67
177
157
121
67
175
158
121
67
163
159
121
67
152
158
121
66
150
158
122
66
151
158
122
66
150
158
121
67
150
158
122
67
150
158
122
67
150
159
122
67
150
159
122
67
150
159
122
68
150
159
121
67
150
158
122
68
150
159
122
68
149
158
122
67
149
157
122
67
149
159
122
67
150
159
122
68
150
158
122
68
149
159
122
68
149
159
122
68
149
159
122
68
150
158
122
69
150
158
122
68
150
158
122
68
149
158
123
68
149
159
123
68
149
158
123
68
149
159
123
68
149
158
123
69
149
158
123
68
150
158
122
69
150
158
123
68
149
159
123
69
150
158
123
69
149
159
123
69
149
157
122
69
149
158
123
68
149
158
123
68
149
159
123
69
149
158
123
68
149
159
122
68
149
159
122
69
150
159
122
68
149
159
123
69
149
159
123
69
149
157
123
69
148
157
122
68
149
158
123
68
148
158
123
68
148
158
123
68
148
158
122
68
148
159
122
68
149
159
122
68
150
158
122
69
149
158
122
69
150
158
123
69
150
158
123
69
149
157
123
69
149
157
123
68
150
158
123
68
149
157
123
68
150
159
123
68
149
159
122
68
150
158
122
69
150
159
122
68
150
158
122
69
150
157
122
68
150
158
122
68
150
158
123
69
149
157
123
68
149
158
123
69
149
158
122
69
151
158
122
68
149
159
122
69
149
159
123
69
149
158
122
69
149
158
122
68
149
158
123
69
150
158
121
70
150
158
121
67
149
157
125
67
149

