144
88
49
161
144
88
50
162
144
87
50
161
144
88
50
161
144
88
50
160
144
88
50
160
144
88
50
160
145
87
50
160
142
87
50
162
144
87
48
162
144
85
50
161
144
85
50
160
144
84
50
160
147
84
49
161
145
83
51
161
145
82
50
160
142
80
49
160
144
79
50
157
144
78
49
157
143
77
49
159
142
76
50
158
145
75
51
159
145
74
50
159
145
73
50
158
145
72
50
157
144
72
51
158
143
71
48
159
144
73
49
160
142
72
50
159
146
71
50
156
143
70
49
158
144
70
47
156
143
69
43
157
146
68
41
156
145
68
37
158
144
68
35
158
145
66
34
151
146
65
30
149
146
65
27
147
144
66
22
145
146
64
18
141
144
65
15
137
146
64
14
132
145
65
9
129
146
64
7
125
145
62
6
120
145
62
1
117
147
61
2
109
147
63
1
106
145
62
2
101
144
61
1
100
145
63
1
95
145
63
1
92
145
62
1
91
144
62
2
88
146
60
1
88
145
60
1
88
145
61
1
88
146
62
1
88
145
62
1
89
146
62
1
88
144
61
2
88
143
61
1
89
145
57
1
90
144
59
1
92
146
60
1
96
145
62
1
99
146
62
1
97
146
62
2
98
146
64
1
102
147
64
2
101
145
66
1
101
145
67
2
102
145
68
1
104
146
69
2
105
146
69
1
106
150
72
2
108
147
72
4
110
146
74
5
111
148
74
8
110
148
74
11
112
147
75
13
113
147
74
14
115
146
75
16
117
149
75
19
118
147
75
22
120
145
75
27
122
146
75
28
127
146
74
33
126
148
75
37
129
145
76
41
130
145
75
45
133
145
75
48
134
146
75
50
134
147
75
53
136
145
78
56
138
144
77
58
138
145
77
60
141
145
79
62
141
145
80
63
143
146
83
62
142
146
86
64
144
146
87
64
142
146
90
64
143
146
92
64
145
147
97
64
146
148
98
64
145
145
100
64
143
147
102
65
144
147
104
64
145
150
106
64
144
148
109
62
144
148
112
64
145
147
114
64
144
149
116
65
145
149
120
64
143
152
120
64
143
149
123
65
144
150
126
64
144
150
130
64
144
150
132
63
143
152
133
65
145
152
136
67
143
151
138
69
143
152
141
70
142
154
142
74
143
152
144
74
144
155
145
80
144
153
145
85
144
154
146
87
146
157
150
89
144
154
152
93
146
155
154
94
145
155
156
98
147
155
157
98
145
155
159
103
147
152
163
104
147
155
165
107
147
155
166
111
148
156
166
114
148
156
168
118
148
155
168
119
149
155
169
121
148
155
169
122
148
155
168
121
146
156
169
121
148
156
169
122
147
154
168
122
148
154
172
121
148
155
169
122
149
154
167
122
148
155
169
121
148
154
167
124
148
153
168
121
147
153
167
122
148
154
173
122
148
154
168
124
148
153
168
123
148
155
167
122
146
154
169
122
146
153
167
122
148
154
167
122
146
154
168
123
148
153
167
124
147
154
168
123
148
153
168
121
149
153
167
122
148
154
169
122
146
154
168
122
147
153
167
122
149
154
170
122
148
154
168
122
148
155
168
124
148
153
168
122
149
154
169
122
146
154
168
120
148
153
167
121
148
154
165
121
149
154
168
122
148
154
168
121
149
151
167
121
148
155
168
122
150
154
167
122
148
154
168
122
148
154
168
121
148
154
168
124
148
155
167
121
149
154
168
121
149
154
168
122
148
154
168
122
149
155
168
124
148
158
168
121
148
155
168
121
148
156
168
121
148
154
168
122
149
154
168
122
146
154
168
122
147
154
168
122
146
154
168
122
147
154
167
122
146
154
168
122
147
155
169
122
147
154
169
122
147
154
169
122
147
154
168
121
146
154
168
121
147
154
167
121
148
154
168
121
147
154
170
122
148
154
166
122
148
154
167
122
148
154
167
122
148
154
168
121
147
154
168
122
148
154
168
122
146
154
167
122
148
154
167
122
146
154
167
122
147
154
168
122
147
153
168
120
146
154
168
121
147
154
168
122
148
154
167
122
147
154
168
121
147
154
168
121
146
154
167
122
148
154
168
121
146
153
168
120
147
155
168
124
146
154
168
121
147
155
168
121
146
154
168
121
146
154
168
121
147
153
168
124
147
154
169
121
147
154
168
121
146
154
168
121
148
155
168
122
147
154
169
121
146
154
168
121
146
154
168
122
147
154
168
121
145
154
168
121
147
154
168
121
146
154
168
121
147
153
168
123
147
154
168
121
146
154
168
121
146
154
167
121
145
154
168
121
146
154
167
121
147
154
169
121
146
154
172
121
146
153
168
121
146
154
168
121
147
154
168
121
147

