163
178
72
131
159
177
73
133
160
178
72
132
158
178
71
133
160
178
73
133
160
179
73
133
159
179
72
133
160
179
71
132
160
178
71
133
158
178
71
132
160
179
72
132
160
179
72
131
159
177
72
132
160
179
72
133
160
178
71
132
160
179
72
132
163
178
71
132
160
178
72
131
160
179
72
132
161
179
72
132
161
177
72
133
160
175
72
132
161
172
72
132
159
170
70
133
160
167
72
131
161
166
72
132
161
165
72
132
160
162
72
132
159
163
71
133
161
159
71
133
162
156
71
131
160
152
69
130
159
153
65
131
160
150
64
127
158
147
63
129
158
145
66
131
157
145
63
130
157
141
67
131
156
137
66
130
156
135
64
130
158
133
61
130
155
131
62
129
154
129
61
129
153
125
59
129
152
124
59
128
152
121
59
128
149
118
59
128
149
114
58
128
148
111
57
126
146
107
54
126
144
105
51
125
143
102
48
124
143
99
44
122
142
97
41
120
141
96
39
117
142
95
36
116
141
94
34
113
142
94
32
112
142
92
30
110
141
92
28
108
142
90
24
106
140
89
21
104
141
88
20
102
140
86
18
100
139
85
17
99
141
85
14
98
139
83
14
96
138
82
12
95
138
81
10
93
140
80
7
93
138
78
6
91
138
78
5
90
139
76
3
90
138
75
1
89
138
73
1
89
138
73
2
89
138
72
1
89
137
71
1
89
140
71
2
89
138
70
1
89
139
68
1
89
138
69
1
89
138
68
1
89
138
67
1
88
138
66
1
88
138
67
1
89
138
68
1
89
138
67
1
88
138
67
1
89
139
67
1
89
139
69
1
89
139
70
1
89
141
72
2
89
141
74
1
89
140
74
1
89
141
75
1
89
143
77
1
90
142
79
1
90
143
81
1
90
143
82
1
90
143
84
1
90
144
85
1
91
144
86
1
92
144
87
1
91
144
88
1
92
144
89
2
93
145
89
6
95
145
90
11
97
144
90
16
99
145
91
23
102
145
91
29
106
145
92
34
108
145
92
39
110
146
92
43
112
145
92
46
114
145
93
49
116
145
93
51
117
145
94
53
119
146
94
56
121
146
95
58
123
146
96
62
125
146
97
64
128
146
97
67
131
145
99
69
135
146
99
72
138
146
100
74
142
146
101
77
145
146
101
78
146
146
101
79
146
146
101
80
145
146
101
80
146
146
101
79
146
146
101
79
146
147
101
79
146
146
101
78
146
146
101
79
145
146
101
79
145
146
101
79
146
147
101
79
145
146
101
79
145
147
101
79
146
147
101
78
145
147
101
79
145
146
101
79
145
147
101
78
145
147
101
78
145
147
101
78
145
147
100
76
145
146
100
72
143
146
100
67
141
146
100
62
139
146
99
58
138
146
99
55
138
147
100
53
137
147
100
51
137
146
100
48
136
146
99
45
134
147
99
43
134
147
100
42
133
146
100
40
133
146
99
39
133
146
100
38
132
146
100
37
132
147
100
36
132
146
100
36
132
146
100
36
132
146
100
35
132
146
100
35
131
147
99
36
131
146
100
36
132
146
100
36
132
146
100
35
132
146
100
36
132
146
100
35
132
146
100
36
132
146
100
36
132
146
100
35
132
146
100
36
132
146
100
36
131
146
100
36
132
146
100
35
131
146
100
35
132
146
100
36
132
146
100
36
131
146
99
36
132
146
99
36
132
146
100
35
132
146
100
36
131
146
99
35
132
147
100
35
132
146
100
36
131
146
100
35
132
146
100
36
131
146
99
35
132
146
99
35
132
146
100
35
132
146
99
35
132
146
98
36
132
146
100
35
132
146
99
35
131
146
100
36
131
146
99
36
132
146
100
36
132
147
99
34
132
146
100
35
132
146
99
36
132
146
100
36
131
146
99
36
131
147
100
35
132
148
100
34
132
147
100
35
132
146
99
36
131
146
99
36
131
146
99
35
131
146
100
35
132
146
100
36
132
146
100
36
132
148
100
34
132
146
100
36
132
146
99
35
131
146
100
35
132
146
100
35
132
146
100
35
132
146
100
36
132
147
100
36
132
145
99
36
131
146
100
34
132
147
100
37
131
146
99
36
132
146
100
35
132
146
100
36
131
146
99
35
132
146
99
35
131
146
99
36
131
146
99
36
131
146
100
36
132
146
100
36
131
146
100
36
132
149
100
36
132
147
100
35
132
146
98
36
132
146
99
36
132
146
98
36
132
147
98
36
131
147
98
36
132
146
100
34
132
146
100
36
132
146
100
36
132
146
100
36
132
146
100
36
132
146
100
36
131
146
100
36
131
146
100
36
132
146
100
35
131
146
100
34
132
146
100
35
132

