147
90
49
135
148
90
49
135
146
90
48
137
147
90
48
138
147
90
49
137
147
89
49
137
149
89
48
138
146
89
48
138
146
88
47
139
145
87
49
138
146
87
49
138
148
86
48
138
147
85
49
137
146
85
48
137
146
85
46
138
146
84
48
137
146
84
48
137
146
82
47
138
147
81
48
137
146
80
49
138
147
78
49
138
147
77
47
140
146
77
46
139
146
77
47
139
145
76
48
137
148
76
48
138
148
75
47
137
147
75
46
138
147
72
44
137
147
71
44
137
147
69
44
137
147
68
38
136
149
66
40
135
147
66
37
134
147
66
35
136
148
67
37
134
152
65
37
135
148
65
36
135
149
65
34
134
148
62
34
137
149
63
32
134
148
60
30
133
148
59
31
134
148
57
31
134
148
56
29
133
146
54
30
132
147
54
28
134
146
53
26
132
147
51
26
131
146
50
26
132
146
49
23
132
145
47
22
132
147
46
20
132
150
46
21
131
147
45
19
130
145
43
17
126
144
42
16
127
147
41
14
124
145
43
13
123
146
41
13
120
149
42
14
118
146
42
10
114
146
42
11
111
146
40
9
107
147
40
7
104
145
39
8
99
146
38
4
93
146
39
4
87
147
35
2
82
147
36
2
78
145
36
1
74
148
35
1
70
142
35
1
68
145
34
2
65
145
34
1
63
145
34
1
62
148
33
1
60
144
33
1
58
145
34
1
59
145
33
1
59
148
33
1
59
145
32
1
58
144
32
1
59
145
33
1
58
143
31
1
60
145
31
1
64
144
32
1
68
145
34
2
71
144
36
1
75
146
37
1
78
146
38
1
82
147
38
1
86
148
38
1
88
146
42
1
93
145
43
1
97
146
46
1
99
147
45
1
104
147
48
1
106
146
52
1
110
148
54
4
113
148
57
8
118
147
61
10
120
149
62
14
124
149
65
17
126
152
69
22
128
151
72
27
131
152
74
30
133
152
75
32
134
153
77
35
136
153
78
37
138
153
80
40
137
154
81
42
137
152
83
43
138
155
85
44
138
155
87
45
138
155
90
46
140
157
93
48
139
157
95
48
140
157
97
51
140
159
99
54
141
159
100
58
142
160
100
59
143
162
102
62
144
160
103
63
143
160
104
66
143
159
104
68
144
161
105
72
145
160
105
73
145
162
105
77
146
162
107
79
148
162
107
82
148
160
108
84
148
161
108
86
149
161
109
89
150
162
109
91
150
162
109
93
149
162
111
94
151
163
111
97
151
164
112
99
152
161
113
101
154
163
112
103
154
164
112
105
153
163
114
108
154
164
115
109
154
164
115
112
156
162
115
114
156
164
115
116
157
164
117
117
156
163
116
119
156
164
117
120
156
165
117
121
157
163
117
123
159
165
117
126
158
166
118
126
160
163
118
126
158
165
117
125
159
165
118
124
157
164
117
121
156
165
117
119
157
167
117
119
155
163
117
114
156
164
117
113
155
164
115
108
153
164
112
105
152
163
112
101
152
162
110
96
150
162
107
91
149
160
105
87
148
157
102
84
147
156
100
82
146
156
97
78
146
152
95
76
146
152
94
74
145
152
89
73
146
151
86
71
145
150
82
62
144
148
80
71
144
151
78
70
145
150
74
64
142
148
75
69
145
147
73
66
145
147
72
63
143
146
68
60
141
146
70
60
141
147
68
60
141
145
66
58
144
146
67
55
140
144
66
59
143
143
66
57
140
144
64
55
141
145
62
56
140
145
62
52
140
144
60
51
139
142
59
51
140
143
60
50
140
143
59
46
139
143
59
47
139
140
60
46
137
142
58
47
140
143
58
45
139
147
59
45
138
143
57
46
138
142
58
46
139
142
57
44
139
143
58
44
138
143
58
42
138
143
57
45
140
145
59
44
139
142
58
42
139
142
57
46
138
143
58
46
139
145
59
45
139
141
56
45
139
142
58
44
138
142
58
45
137
143
55
44
138
143
57
45
139
142
57
43
138
142
57
44
138
140
57
45
139
142
58
45
138
141
58
44
138
142
57
45
138
142
58
45
138
144
57
44
139
145
58
44
137
142
58
44
140
141
57
42
138
143
57
42
138
141
57
43
138
140
55
44
138
141
57
44
138
141
57
45
138
141
57
44
138
141
56
44
137
142
57
44
138
142
57
45
139
145
58
45
138
142
58
44
140
141
57
42
138
143
57
44
138
140
55
44
139
141
57
44
138
141
57
45
138
141
57
44
138
142
56
44
139
140
57
45
139
141
57
42
138
141
58
44
138
141
57
44
139
141
57
44
138
141
57
42
139
141
56
45
140
141
58
44
138
141
57
44
137
141
57
43
137

